MEMORY
  total           13722 KB
  struct            159 KB
  buffer            251 KB
  arena           13312 KB, used 0.0%

SIZES
  narena                13631488
  nbuffer               256896
  nplugin               0
  maxuse_stack          876
  maxuse_arena          876
  maxuse_con            0
  maxuse_efc            0
  ncon                  0
  ne                    0
  nf                    0
  nl                    0
  nefc                  0
  nJ                    0
  nA                    0
  nisland               0
  nidof                 0
  ntree_awake           1
  nbody_awake           8
  nparent_awake         7
  nv_awake              6
  threadpool            0

TIMER
    0:  duration =  0.029      number = 1
    1:  duration =  0.026      number = 1
    2:  duration =  0          number = 0
    3:  duration =  0.019      number = 1
    4:  duration =  0.0037     number = 1
    5:  duration =  0.0007     number = 1
    6:  duration =  0.0002     number = 1
    7:  duration =  0.0028     number = 1
    8:  duration =  0.0038     number = 1
    9:  duration =  0.0011     number = 1
    10:  duration =  0.01       number = 1
    11:  duration =  0.003      number = 1
    12:  duration =  0.0007     number = 1
    13:  duration =  0.0032     number = 1
    14:  duration =  0.0024     number = 1

ENERGY =   0         0       

TIME =  9.3     

QPOS
  -1.6     
  -1.6     
   1.6     
  -1.6     
  -1.6     
  -1.7e-21 

QVEL
   3.1e-15 
  -4.3e-14 
  -7.2e-15 
   7.1e-15 
   3.1e-14 
  -3e-19   

QACC_WARMSTART
   9.9e-14 
  -2.2e-13 
   9.6e-13 
  -5.2e-12 
  -2.4e-11 
  -1e-14   

CTRL
  -1.6     
  -1.6     
   1.6     
  -1.6     
  -1.6     
   0       

QFRC_APPLIED
   0       
   0       
   0       
   0       
   0       
   0       

XFRC_APPLIED
   0         0         0         0         0         0       
   0         0         0         0         0         0       
   0         0         0         0         0         0       
   0         0         0         0         0         0       
   0         0         0         0         0         0       
   0         0         0         0         0         0       
   0         0         0         0         0         0       
   0         0         0         0         0         0       

QACC
   9.9e-14 
  -2.2e-13 
   9.6e-13 
  -5.2e-12 
  -2.4e-11 
  -1e-14   

TREE_ASLEEP
  -11

XPOS
   0         0         0       
   0         0         0       
   0         0         0.16    
   5.1e-07   0.14      0.16    
   0.0034    0.007     0.59    
   0.4       0.007     0.58    
   0.4       0.13      0.58    
   0.5       0.13      0.58    

XQUAT
   1         0         0         0       
   0.71      0         0         0.71    
   1         0         0        -1.8e-06 
   1         7.4e-09   0.004    -1.8e-06 
   0.7       1.3e-06   0.71     -1.3e-06 
   0.7       1.3e-06   0.71     -1.3e-06 
   0.5      -0.5       0.5      -0.5     
   0.5      -0.5       0.5      -0.5     

XMAT
   1         0         0         0         1         0         0         0         1       
   0        -1         0         1         0         0         0         0         1       
   1         3.7e-06   0        -3.7e-06   1        -0        -0         0         1       
   1         3.7e-06   0.0081   -3.7e-06   1        -3e-08    -0.0081    7.8e-23   1       
  -0.016     3.7e-06   1         5.9e-08   1        -3.7e-06  -1         2.1e-22  -0.016   
  -0.019     3.7e-06   1         6.9e-08   1        -3.7e-06  -1        -2.1e-22  -0.019   
  -3.6e-06  -0.019     1        -1        -3.6e-06  -3.7e-06   3.7e-06  -1        -0.019   
  -3.6e-06  -0.019     1        -1        -3.6e-06  -3.7e-06   3.7e-06  -1        -0.019   

XIPOS
   0         0         0       
   0         0         0       
   0         0         0.16    
   0.0017    0.14      0.38    
   0.2       0.007     0.58    
   0.4       0.13      0.58    
   0.5       0.13      0.58    
   0.49      0.13      0.5     

XIMAT
   1         0         0         0         1         0         0         0         1       
   0        -1         0         1         0         0         0         0         1       
   1         3.7e-06   0        -3.7e-06   1        -0        -0         0         1       
   1         3.7e-06   0.0081   -3.7e-06   1        -3e-08    -0.0081    7.8e-23   1       
  -0.016     3.7e-06   1         5.9e-08   1        -3.7e-06  -1         2.1e-22  -0.016   
  -0.019     3.7e-06   1         6.9e-08   1        -3.7e-06  -1        -2.1e-22  -0.019   
  -3.6e-06  -0.019     1        -1        -3.6e-06  -3.7e-06   3.7e-06  -1        -0.019   
  -0.019     3.6e-06   1        -3.6e-06   1        -3.7e-06  -1        -3.7e-06  -0.019   

XANCHOR
   0         0         0.16    
   5.1e-07   0.14      0.16    
   0.0034    0.007     0.59    
   0.4       0.007     0.58    
   0.4       0.13      0.58    
   0.5       0.13      0.58    

XAXIS
   0         0         1       
   3.7e-06   1         0       
   3.7e-06   1         7.8e-23 
   3.7e-06   1        -8.9e-23 
   1        -3.7e-06  -0.019   
  -0.019    -3.6e-06  -1       

GEOM_XPOS
   0         0         0       
   3.7e-07   6.7e-07   0.094   
  -5e-07     1.5e-07   0.031   
   0.00016  -0.0084    0.21    
   1.3e-06   0.069     0.16    
  -5e-05     0.00056   0.14    
   0         0         0.12    
   0.0017    0.14      0.38    
   0.0024    0.11      0.46    
   0.0017    0.12      0.38    
   0.0017    0.18      0.38    
   3.6e-07   0.098     0.16    
   0.0016    0.14      0.36    
   0.4      -0.033     0.58    
   0.21      0.0066    0.58    
   0.26      0.024     0.58    
   0.17      0.019     0.59    
   0.0034    0.087     0.59    
   0.2       0.007     0.58    
   0.44      0.13      0.58    
   0.36      0.14      0.58    
   0.41      0.12      0.58    
   0.4       0.057     0.58    
   0.49      0.13      0.53    
   0.5       0.13      0.62    
   0.49      0.13      0.56    
   0.44      0.13      0.58    
   0.49      0.13      0.56    
   0.49      0.13      0.5     
   0.49      0.13      0.5     

GEOM_XMAT
   1         0         0         0         1         0         0         0         1       
   0         0         1        -1.1e-05  -1         0         1        -1.1e-05   0       
   1.9e-05   0.79     -0.61      9.9e-06   0.61      0.79      1        -2.1e-05   3.6e-06 
   0.0014   -0.99     -0.16     -0.32      0.16     -0.93      0.95      0.055    -0.32    
  -6.2e-06  -0.99      0.17      1        -8.7e-06  -1.4e-05   1.6e-05   0.17      0.99    
  -0.002     0.053     1         0.74      0.68     -0.034    -0.68      0.74     -0.04    
   1         3.7e-06   0        -3.7e-06   1        -0        -0         0         1       
   0.94      0.35      0.0082   -0.35      0.94      0.00031  -0.0076   -0.0031    1       
   1         0.0019    0.0079   -0.00049   0.98     -0.18     -0.0082    0.18      0.98    
  -0.0017   -1         0.008     1        -0.0018   -0.0094    0.0094    0.008     1       
  -0.00047  -1         0.0081    1        -0.00047  -0.00033   0.00034   0.0081    1       
   1         0.0081   -3.7e-06  -3.7e-06  -3e-08    -1        -0.0081    1         6.7e-17 
   1         3.7e-06   0.0081   -3.7e-06   1        -3e-08    -0.0081    7.8e-23   1       
  -0.31      0.16      0.94      0.95      0.045     0.3       0.0052    0.99     -0.16    
  -0.0032    0.016     1         0.97      0.24     -0.00062  -0.24      0.97     -0.016   
  -0.017    -0.15      0.99      0.0049    0.99      0.15     -1         0.0073   -0.016   
  -0.02      0.016     1         1        -0.00077   0.02      0.0011    1        -0.016   
  -0.016     1        -3.7e-06   5.9e-08  -3.7e-06  -1        -1        -0.016     0       
  -0.016     3.7e-06   1         5.9e-08   1        -3.7e-06  -1         2.1e-22  -0.016   
   1        -0.0075   -0.017    -0.00019  -0.92      0.39     -0.019    -0.39     -0.92    
   0.95     -0.0043   -0.31     -0.3      -0.073    -0.95     -0.018     1        -0.071   
   0.86      0.018    -0.51     -0.51      0.00025  -0.86     -0.015     1         0.0095  
  -0.019     1        -3.7e-06   6.9e-08  -3.7e-06  -1        -1        -0.019     5.6e-17 
  -0.019     0.18      0.98     -3.6e-06   0.98     -0.18     -1        -0.0033   -0.018   
  -0.32      0.11      0.94      0.00036   0.99     -0.11     -0.95     -0.035    -0.32    
   0.73     -0.00033  -0.68      6e-05     1        -0.00042   0.68      0.00027   0.73    
  -3.6e-06  -0.019     1        -1        -3.6e-06  -3.7e-06   3.7e-06  -1        -0.019   
  -3.6e-06   1         0.019    -1        -3.7e-06   3.6e-06   3.7e-06  -0.019     1       
  -0.024     0.22      0.97     -0.00048   0.97     -0.22     -1        -0.0058   -0.023   
  -3.6e-06   1         0.019    -1        -3.7e-06   3.6e-06   3.7e-06  -0.019     1       

SITE_XPOS
   0.49      0.13      0.48    

SITE_XMAT
   1        -3.6e-06  -0.019    -3.7e-06  -1        -3.6e-06  -0.019     3.7e-06  -1       

LIGHT_XPOS
   0         0         1.5     

LIGHT_XDIR
   0         0        -1       

SUBTREE_COM
   0.078     0.073     0.31    
   0.078     0.073     0.31    
   0.097     0.09      0.39    
   0.12      0.11      0.45    
   0.33      0.075     0.58    
   0.45      0.13      0.58    
   0.5       0.13      0.57    
   0.49      0.13      0.5     

CDOF
   0         0         1        -0.073     0.078     0       
   3.7e-06   1         0         0.15     -5.6e-07  -0.078   
   3.7e-06   1         7.8e-23  -0.27      1e-06    -0.075   
   3.7e-06   1        -8.9e-23  -0.27      9.8e-07   0.32    
   1        -3.7e-06  -0.019    -0.0011    0.27     -0.061   
  -0.019    -3.6e-06  -1        -0.061     0.41      0.0011  

CINERT
   0         0         0         0         0         0         0         0         0         0       
   0.42      0.42      0.053    -0.023    -0.099    -0.091    -0.31     -0.29     -1.3       4       
   0.11      0.12      0.049    -0.021    -0.044    -0.041    -0.29     -0.27     -0.56      3.7     
   0.2       0.21      0.1       0.042     0.039    -0.034    -0.64      0.55      0.51      8.4     
   0.18      0.23      0.074     0.018    -0.074     0.04      0.28     -0.15      0.62      2.3     
   0.094     0.21      0.13     -0.024    -0.1      -0.02      0.39      0.075     0.33      1.2     
   0.093     0.3       0.22     -0.031    -0.14     -0.02      0.51      0.075     0.32      1.2     
   0.0075    0.039     0.033    -0.0048   -0.015    -0.0022    0.078     0.012     0.035     0.19    

ACTUATOR_LENGTH
  -1.6     
  -1.6     
   1.6     
  -1.6     
  -1.6     
  -1.1e-21 

actuator_moment
--------
 x      |
  x     |
   x    |
    x   |
     x  |
      x |
--------

ACTUATOR_MOMENT
     0:  1       
     1:  1       
     2:  1       
     3:  1       
     4:  1       
     5:  1       

CRB
   0         0         0         0         0         0         0         0         0         0       
   1.1       1.5       0.66     -0.043    -0.43     -0.17     -5.6e-17  -1.1e-16   1.1e-15   21      
   0.69      1.1       0.61     -0.021    -0.33     -0.076     0.31      0.29      1.3       17      
   0.58      1         0.56      0.0005   -0.29     -0.035     0.6       0.56      1.8       13      
   0.37      0.78      0.46     -0.042    -0.33     -0.0016    1.2       0.012     1.3       4.9     
   0.19      0.55      0.38     -0.06     -0.25     -0.042     0.97      0.16      0.69      2.6     
   0.1       0.34      0.25     -0.036    -0.15     -0.022     0.59      0.086     0.36      1.4     
   0.0075    0.039     0.033    -0.0048   -0.015    -0.0022    0.078     0.012     0.035     0.19    

QM
   0.89    
  -0.4       2       
   0.0046    0.64      0.65    
   0.0023    0.069     0.076     0.02    
   0.0071    2.6e-08   2.6e-08   5.3e-09   0.0034  
  -0.00013  -4.9e-10  -4.9e-10  -4.9e-10  -2.2e-18   0.00013 

M
     0:  0.89    
     0: -0.4        1:  2       
     0:  0.0046     1:  0.64       2:  0.65    
     0:  0.0023     1:  0.069      2:  0.076      3:  0.02    
     0:  0.0071     1:  2.6e-08    2:  2.6e-08    3:  5.3e-09    4:  0.0034  
     0: -0.00013    1: -4.9e-10    2: -4.9e-10    3: -4.9e-10    4: -2.2e-18    5:  0.00013 

QLD
     0:  0.76    
     0: -0.29       1:  1.4     
     0: -0.011      1:  1          2:  0.37    
     0:  0.11       1:  3.4        2:  3.7        3:  0.02    
     0:  2.1        1:  7.6e-06    2:  7.7e-06    3:  1.6e-06    4:  0.0034  
     0: -1          1: -3.7e-06    2: -3.7e-06    3: -3.7e-06    4: -1.7e-14    5:  0.00013 

QLDIAGINV
   1.3     
   0.72    
   2.7     
   49      
   2.9e+02 
   7.6e+03 

QH
     0:  1       
     0: -0.23       1:  1.7     
     0:  0.0027     1:  0.74       2:  0.77    
     0:  0.033      1:  0.98       2:  1.1        3:  0.07    
     0:  0.13       1:  4.9e-07    2:  4.9e-07    3:  1e-07      4:  0.053   
     0: -0.0026     1: -9.7e-09    2: -9.7e-09    3: -9.7e-09    4: -4.4e-17    5:  0.05    

QHDIAGINV
   1       
   0.57    
   1.3     
   14      
   19      
   20      

TREE_AWAKE
  1

BODY_AWAKE
  -1 -1 1 1 1 1 1 1

BODY_AWAKE_IND
  0 1 2 3 4 5 6 7

PARENT_AWAKE_IND
  1 2 3 4 5 6 7

DOF_AWAKE_IND
  0 1 2 3 4 5

QDERIV
     0: -1e+02      1:  0          2:  0          3:  0          4:  0          5:  0       
     0:  0          1: -1e+02      2:  0          3:  0          4:  0          5:  0       
     0:  0          1:  0          2: -1e+02      3:  0          4:  0          5:  0       
     0:  0          1:  0          2:  0          3: -25         4:  0          5:  0       
     0:  0          1:  0          2:  0          3:  0          4: -25         5:  0       
     0:  0          1:  0          2:  0          3:  0          4:  0          5: -25      

ACTUATOR_VELOCITY
   3.2e-15 
  -4.3e-14 
  -7.8e-15 
   8.8e-15 
   3.4e-14 
   5.6e-19 

CVEL
   0         0         0         0         0         0       
   0         0         0         0         0         0       
   0         0         3.2e-15  -2.4e-16   2.5e-16   0       
  -1.6e-19  -4.3e-14   3.2e-15  -6.7e-15   2.5e-16   3.4e-15 
  -1.9e-19  -5.1e-14   3.2e-15  -4.6e-15   2.5e-16   3.9e-15 
  -1.5e-19  -4.2e-14   3.2e-15  -6.9e-15   2.5e-16   6.7e-15 
   3.4e-14  -4.2e-14   2.6e-15  -7e-15     9.7e-15   4.6e-15 
   3.4e-14  -4.2e-14   2.6e-15  -7e-15     9.7e-15   4.6e-15 

CDOF_DOT
   0         0         0         0         0         0       
  -3.2e-15   1.2e-20   0         1.8e-21   4.9e-16  -2.4e-16 
  -3.2e-15   1.2e-20  -2.4e-35  -1.5e-16  -8.9e-16  -1.8e-14 
  -3.2e-15   1.2e-20  -4.8e-35  -2e-14    -8.7e-16  -1.8e-14 
   7.9e-16   3.2e-15   4.2e-14   1.7e-15   6.6e-15  -3e-16   
   4.2e-14   3.4e-14  -7.9e-16  -1.1e-14  -7.2e-15   1.2e-14 

QFRC_BIAS
   2.2e-28 
  -16      
  -16      
  -1.4     
  -5.2e-07 
   8.7e-19 

QFRC_SPRING
   0       
   0       
   0       
   0       
   0       
   0       

QFRC_DAMPER
   0       
   0       
   0       
   0       
   0       
   0       

QFRC_GRAVCOMP
   0       
   0       
   0       
   0       
   0       
   0       

QFRC_FLUID
   0       
   0       
   0       
   0       
   0       
   0       

QFRC_PASSIVE
   0       
   0       
   0       
   0       
   0       
   0       

SUBTREE_LINVEL
   0         0         0       
   0         0         0       
   0         0         0       
   0         0         0       
   0         0         0       
   0         0         0       
   0         0         0       
   0         0         0       

SUBTREE_ANGMOM
   0         0         0       
   0         0         0       
   0         0         0       
   0         0         0       
   0         0         0       
   0         0         0       
   0         0         0       
   0         0         0       

ACTUATOR_FORCE
   0       
  -16      
  -16      
  -1.4     
  -5.2e-07 
  -1.4e-17 

QFRC_ACTUATOR
   0       
  -16      
  -16      
  -1.4     
  -5.2e-07 
  -1.4e-17 

QFRC_SMOOTH
  -2.2e-28 
  -2.3e-13 
   9.6e-14 
  -4.8e-14 
  -8e-14   
  -1.4e-17 

QACC_SMOOTH
   9.9e-14 
  -2.2e-13 
   9.6e-13 
  -5.2e-12 
  -2.4e-11 
  -1e-14   

QFRC_CONSTRAINT
   0       
   0       
   0       
   0       
   0       
   0       

QFRC_INVERSE
   0       
   0       
   0       
   0       
   0       
   0       

CACC
   0         0         0         0         0         0       
   0         0         0         0         0         0       
   0         0         0         0         0         0       
   0         0         0         0         0         0       
   0         0         0         0         0         0       
   0         0         0         0         0         0       
   0         0         0         0         0         0       
   0         0         0         0         0         0       

CFRC_INT
   0         0         0         0         0         0       
   0         0         0         0         0         0       
   0         0         0         0         0         0       
   0         0         0         0         0         0       
   0         0         0         0         0         0       
   0         0         0         0         0         0       
   0         0         0         0         0         0       
   0         0         0         0         0         0       

CFRC_EXT
   0         0         0         0         0         0       
   0         0         0         0         0         0       
   0         0         0         0         0         0       
   0         0         0         0         0         0       
   0         0         0         0         0         0       
   0         0         0         0         0         0       
   0         0         0         0         0         0       
   0         0         0         0         0         0       

